      0B0B090B0B0B0B0B090B0B
    0B46                  460B
    09    3C    3C    3C    090B0B0B
  0B0B                      0B5858580B
0B  31          3E          31    5709    
  0B0B                      0B5858580B
    0A                      0A0B0B0B
    0B                      0B
      0B0B0B0B0B320B0B0B0B0B
            0B      0B
            0A  48  0A
            0B      0B
            0B      0B
          0B0B      0B0B     
        09      48    4A0B
          0B0B      0B0B 
            0B      0B
            0B      0B
            09  48  09
            0B      0B                                    
            0B0932090B                                
  010001020145      450102000100                      0708070807080708                
01                            4500                  0852      3A5D5D5D07
05                              05  070807080708070807              5D08
01                                07                08                07
00  3E          3E          3E    31                31                04
01                                07                08                07
05                              05  0708        080707    4752  47    08
01                            4500      07    08    08            52  07
  0100030001          0100030100        08    07      08075F07085F0708              
            0708320807                  07    08          08    07      
            08      08                  08    07              
            07  48  07                  07    08    08  08  08  08            
            08      08                  08    07  07  07  07  07  07            
            07      07                  07      08                  07
            08  48  08                  08      31                  04
            07      07                  07      08                5107
            08      08                    080708  07  07  07  07  07
            07  48  07                              08  08  08  08 
            08      08
    08070807070832080708070807 
  084D52    08      08        08
  07        31      31    43  07
  08        08      08        08
  07        07      07        07
    0807080707      0708070807 
  08        08      08        08
  07FF      31      31  52  4D07
  08        08      08        08
    0807080707      0708070807 
  08                          08
  07  48        48        485407
  08            52            08
    04070804070806080704080704 